0.000000000000000000e+00 2.933499999999999659e+02 2.934499999999999886e+02 5.000000000000000000e+00 4.599999999999999645e+00 1.150000000000000000e+02 3.408897221748764306e+00 1.526056303495049171e+00
6.000000000000000000e+01 2.937500000000000000e+02 2.934499999999999886e+02 4.299999999999999822e+00 6.000000000000000000e+00 1.150000000000000000e+02 3.404255319148936199e+00 1.791759469228054957e+00
1.200000000000000000e+02 2.949499999999999886e+02 2.930499999999999545e+02 4.400000000000000355e+00 6.200000000000000178e+00 1.190000000000000000e+02 3.390405153415833261e+00 1.824549292051045990e+00
1.800000000000000000e+02 2.960499999999999545e+02 2.920499999999999545e+02 4.599999999999999645e+00 6.400000000000000355e+00 1.220000000000000000e+02 3.377807802736024989e+00 1.856297990365626260e+00
2.400000000000000000e+02 2.970499999999999545e+02 2.908499999999999659e+02 4.599999999999999645e+00 6.700000000000000178e+00 1.250000000000000000e+02 3.366436626830500156e+00 1.902107526396920489e+00
3.000000000000000000e+02 2.984499999999999886e+02 2.899499999999999886e+02 4.500000000000000000e+00 7.000000000000000000e+00 1.240000000000000000e+02 3.350644999162339044e+00 1.945910149055313232e+00
3.600000000000000000e+02 2.994499999999999886e+02 2.890499999999999545e+02 4.400000000000000355e+00 7.099999999999999645e+00 1.230000000000000000e+02 3.339455668725997750e+00 1.960094784047269778e+00
4.200000000000000000e+02 3.007500000000000000e+02 2.882500000000000000e+02 4.400000000000000355e+00 7.299999999999999822e+00 1.220000000000000000e+02 3.325020781379883772e+00 1.987874348154345494e+00
4.800000000000000000e+02 3.019499999999999886e+02 2.875499999999999545e+02 4.299999999999999822e+00 7.599999999999999645e+00 1.210000000000000000e+02 3.311806590495115277e+00 2.028148247292285156e+00
5.400000000000000000e+02 3.029499999999999886e+02 2.868499999999999659e+02 4.200000000000000178e+00 7.799999999999999822e+00 1.210000000000000000e+02 3.300874731803928430e+00 2.054123733695546239e+00
6.000000000000000000e+02 3.041499999999999773e+02 2.860499999999999545e+02 4.099999999999999645e+00 8.000000000000000000e+00 1.200000000000000000e+02 3.287851389117212086e+00 2.079441541679835748e+00
6.600000000000000000e+02 3.052500000000000000e+02 2.853499999999999659e+02 4.000000000000000000e+00 8.199999999999999289e+00 1.200000000000000000e+02 3.276003276003276010e+00 2.104134154270207446e+00
7.200000000000000000e+02 3.062500000000000000e+02 2.846499999999999773e+02 3.899999999999999911e+00 8.400000000000000355e+00 1.200000000000000000e+02 3.265306122448979664e+00 2.128231705849267907e+00
7.800000000000000000e+02 3.072500000000000000e+02 2.840499999999999545e+02 3.799999999999999822e+00 8.599999999999999645e+00 1.200000000000000000e+02 3.254678600488201567e+00 2.151762203259461881e+00
8.400000000000000000e+02 3.082500000000000000e+02 2.834499999999999886e+02 3.799999999999999822e+00 8.800000000000000711e+00 1.210000000000000000e+02 3.244120032441200507e+00 2.174751721484160960e+00
9.000000000000000000e+02 3.091499999999999773e+02 2.828499999999999659e+02 3.799999999999999822e+00 9.000000000000000000e+00 1.210000000000000000e+02 3.234675723758693611e+00 2.197224577336219564e+00
9.600000000000000000e+02 3.100499999999999545e+02 2.822500000000000000e+02 3.700000000000000178e+00 9.199999999999999289e+00 1.220000000000000000e+02 3.225286244154168980e+00 2.219203484054994568e+00
1.020000000000000000e+03 3.109499999999999886e+02 2.816499999999999773e+02 3.600000000000000089e+00 9.300000000000000711e+00 1.220000000000000000e+02 3.215951117543013549e+00 2.230014400159210375e+00
1.080000000000000000e+03 3.117500000000000000e+02 2.810499999999999545e+02 3.600000000000000089e+00 9.599999999999999645e+00 1.220000000000000000e+02 3.207698476343223692e+00 2.261763098473790645e+00
1.140000000000000000e+03 3.126499999999999773e+02 2.805499999999999545e+02 3.600000000000000089e+00 9.800000000000000711e+00 1.240000000000000000e+02 3.198464736926275531e+00 2.282382385676526404e+00
1.200000000000000000e+03 3.135499999999999545e+02 2.800499999999999545e+02 3.600000000000000089e+00 1.000000000000000000e+01 1.240000000000000000e+02 3.189284005740711692e+00 2.302585092994045901e+00
1.260000000000000000e+03 3.143499999999999659e+02 2.796499999999999773e+02 3.500000000000000000e+00 1.009999999999999964e+01 1.240000000000000000e+02 3.181167488468268356e+00 2.312535423847213778e+00
1.320000000000000000e+03 3.150499999999999545e+02 2.792500000000000000e+02 3.500000000000000000e+00 1.030000000000000071e+01 1.240000000000000000e+02 3.174099349309633666e+00 2.332143895235589959e+00
1.380000000000000000e+03 3.158499999999999659e+02 2.788499999999999659e+02 3.500000000000000000e+00 1.050000000000000000e+01 1.240000000000000000e+02 3.166059838530948412e+00 2.351375257163477617e+00
1.440000000000000000e+03 3.165499999999999545e+02 2.784499999999999886e+02 3.399999999999999911e+00 1.080000000000000071e+01 1.240000000000000000e+02 3.159058600537040462e+00 2.379546134130174018e+00
1.500000000000000000e+03 3.172500000000000000e+02 2.780499999999999545e+02 3.399999999999999911e+00 1.090000000000000036e+01 1.240000000000000000e+02 3.152088258471237303e+00 2.388762789235097994e+00
1.560000000000000000e+03 3.179499999999999886e+02 2.777500000000000000e+02 3.399999999999999911e+00 1.100000000000000000e+01 1.240000000000000000e+02 3.145148608271741253e+00 2.397895272798370669e+00
1.620000000000000000e+03 3.186499999999999773e+02 2.774499999999999886e+02 3.399999999999999911e+00 1.119999999999999929e+01 1.240000000000000000e+02 3.138239447669857629e+00 2.415913778301048698e+00
1.680000000000000000e+03 3.192500000000000000e+02 2.771499999999999773e+02 3.399999999999999911e+00 1.130000000000000071e+01 1.240000000000000000e+02 3.132341425215348529e+00 2.424802725718294916e+00
1.740000000000000000e+03 3.198499999999999659e+02 2.768499999999999659e+02 3.399999999999999911e+00 1.150000000000000000e+01 1.240000000000000000e+02 3.126465530717524199e+00 2.442347035369204278e+00
1.800000000000000000e+03 3.205499999999999545e+02 2.765499999999999545e+02 3.399999999999999911e+00 1.180000000000000071e+01 1.240000000000000000e+02 3.119638121977851064e+00 2.468099531471619201e+00
1.860000000000000000e+03 3.211499999999999773e+02 2.763499999999999659e+02 3.299999999999999822e+00 1.190000000000000036e+01 1.240000000000000000e+02 3.113809746224505570e+00 2.476538400117483718e+00
1.920000000000000000e+03 3.217500000000000000e+02 2.761499999999999773e+02 3.299999999999999822e+00 1.200000000000000000e+01 1.250000000000000000e+02 3.108003108003107862e+00 2.484906649788000355e+00
1.980000000000000000e+03 3.222500000000000000e+02 2.759499999999999886e+02 3.299999999999999822e+00 1.209999999999999964e+01 1.240000000000000000e+02 3.103180760279286243e+00 2.493205452602695438e+00
2.040000000000000000e+03 3.228499999999999659e+02 2.757500000000000000e+02 3.299999999999999822e+00 1.219999999999999929e+01 1.240000000000000000e+02 3.097413659594239199e+00 2.501435951739210850e+00
