9.969230769230768008e-01
1.012499999999999956e+00
1.012499999999999956e+00
1.012499999999999956e+00
1.012499999999999956e+00
1.039370078740157410e+00
1.023255813953488191e+00
1.023255813953488191e+00
1.012121212121212199e+00
1.043749999999999956e+00
1.056249999999999911e+00
1.048062015503876010e+00
1.052307692307692388e+00
1.064615384615384519e+00
1.089230769230769225e+00
1.133858267716535417e+00
1.255813953488372103e+00
1.519379844961240345e+00
1.596899224806201723e+00
1.674418604651162878e+00
1.782945736434108586e+00
1.875968992248062017e+00
2.062992125984251857e+00
2.204724409448818978e+00
2.377952755905512028e+00
2.598425196850393970e+00
2.850393700787401841e+00
3.102362204724409711e+00
3.338582677165354617e+00
3.622047244094488416e+00
3.748031496062992574e+00
3.685039370078740273e+00
3.468749999999999556e+00
3.156249999999999556e+00
2.812500000000000000e+00
2.500000000000000000e+00
2.187500000000000000e+00
2.000000000000000000e+00
1.796875000000000000e+00
1.609375000000000000e+00
1.453125000000000000e+00
1.328125000000000000e+00
1.203125000000000000e+00
1.125000000000000000e+00
9.937500000000000222e-01
9.249999999999999334e-01
8.562499999999998446e-01
8.062500000000000222e-01
4.687500000000000000e-01
3.031249999999999778e-01
2.140624999999999611e-01
1.625000000000000056e-01
1.265624999999999944e-01
4.546875000000000222e-02
2.187499999999999514e-02
4.531249999999999688e-03
