#N
3852
4332
3948
3904
3966
4011
4081
3876
4035
4071
4262
3748
3969
3952
3884
3909
3925
4068
4216
4165
4004
3802
3824
4139
3825
4200
3837
3909
3888
4096
3899
4242
3848
3778
4136
4158
3750
4192
4218
4087
3848
4285
3968
4062
3956
4038
3746
3884
4059
4019
3860
4240
3803
4052
3943
4111
3974
3984
3874
4053
4032
4183
3923
3906
4015
3834
3785
4088
4036
3830
3951
4133
3991
4126
3854
3873
3986
4163
3926
3894
3811
4159
4036
4111
4180
4013
4246
4006
3900
4006
4195
3775
3893
4026
4178
4005
3933
4092
3787
4258
